99409195245592451
407124
407123
99409528742561322
99409574013358230
99409576423140994
99409577719619664
99409579229516674
99409585377931014
99409597464539935
99409610907194271
99409611752335702
99409615253830275
99409627563710826
99409635588811729
99409640071895030
99409641768070830
99409645666114704
99409652579982879
99409659471046988
99409770034728033
99115591657224488
99115600851671488
99042711452873400
99042660349510955
99062047382493526
99169875048008444
99169873744193136
99409851585205723
99387230189538508
99408475120744259
99410100256965102
99410102898612573
99392478102888531
99405113525034844
99410177894845371
99410202286606310
99410201651400914
99410200830929884
99401059418533759
382934
382933
99410615484012199
99410691184106668
99405849467109984
99410780691979997
99410786067692110
99410758265449941
99410498591486485
99366018106732796
99410962696878140
99410132446840802
99261518443821717
99411063070797735
99411056772730986
99410619254988048
99410076602651770
99410085776402578
99410419630411186
99410421730530333
99411483305954103
99411506496587058
99411493657022216
99411609325644393
99411627567295535
99411693351854946
515254
99411300923237076
99411300923237076
99411186206924920
99411186206924920
99411186047336545
99411186047336545
99411169967159413
99411169967159413
422724
424749
99405238050263044
99412921907274334
538487
538502
99412348077153346
99413931334460979
99141624523379051
99160769367627885
99107994419344861
99149473469176072
99073713052779396
99396402179530747
99330873411859362
98960239384283253
99148487334119188
99148244783540778
98872758301730380
98907103328128123
99221475776029301
99220709319941940
99407818864917001
99238706043624760
99104948655371813
99119829849665323
99105146651415856
99211710969859196
99107828065783046
99080022657550990
99070222300570372
99073702442525505
99141162535461181
99414656585461094
99414849804607447
99414850492865341
99415952641179966
99415960746610830
99415962220646869
99415964395797269
99415947946458097
99415943650793610
99416130728753436
99416241565576119
